[
    {
        "commandName": "Login",
        "timings": [
            34
        ]
    },
    {
        "commandName": "Upload single photo",
        "timings": [
            791,
            507,
            527,
            839,
            492,
            836,
            796,
            944,
            1021,
            920,
            1017,
            1083,
            1027,
            1497,
            1130,
            1580,
            1142,
            1643,
            1393,
            1372,
            1497,
            1546,
            1709,
            1650,
            1647,
            2006,
            2098,
            1966,
            2008,
            2149,
            2105,
            2328,
            2158,
            2479,
            2396,
            2651,
            2364,
            2773,
            2604,
            2681,
            2919,
            2747,
            3031,
            2789,
            2861,
            3127,
            2996,
            3025,
            3182,
            3091
        ]
    },
    {
        "commandName": "Feed request",
        "timings": [
            43652,
            44139,
            43898,
            43801,
            43682,
            43736,
            43890,
            44094,
            43806,
            44032,
            43850,
            43974,
            43973,
            44224,
            44127,
            44023,
            44036,
            44108,
            43870,
            44324,
            44230,
            44221,
            44143,
            44391,
            44249,
            44204,
            44321,
            44511,
            44442,
            44334,
            44426,
            44515,
            44435,
            44567,
            44338,
            44569,
            44738,
            44436,
            44629,
            44536,
            44794,
            44627,
            44691,
            44672,
            44806,
            44626,
            44768,
            44740,
            44776,
            44725
        ]
    }
]