[
    {
        "commandName": "Login",
        "timings": [
            21
        ]
    },
    {
        "commandName": "Upload single photo",
        "timings": [
            310,
            264,
            420,
            487,
            267,
            406,
            380,
            569,
            478,
            543,
            647,
            610,
            731,
            704,
            795,
            736,
            893,
            841,
            1004,
            866,
            1073,
            939,
            977,
            1151,
            1046,
            1083,
            1212,
            1160,
            1281,
            1199,
            1371,
            1321,
            1345,
            1468,
            1565,
            1421,
            1446,
            1648,
            1517,
            1558,
            1725,
            1618,
            1673,
            1869,
            1729,
            1933,
            1767,
            2009,
            1876,
            1917
        ]
    },
    {
        "commandName": "Feed request",
        "timings": [
            42533,
            42612,
            42608,
            42705,
            42573,
            42676,
            42744,
            42621,
            42754,
            42677,
            42698,
            42749,
            42771,
            42663,
            42892,
            42832,
            42823,
            43000,
            42794,
            42943,
            42901,
            42933,
            42961,
            43043,
            42952,
            43041,
            42869,
            43094,
            43118,
            42857,
            43108,
            43284,
            43019,
            43032,
            43290,
            43179,
            43203,
            43217,
            43132,
            43214,
            43306,
            43120,
            43394,
            43299,
            43274,
            43366,
            43400,
            43452,
            43410,
            43437
        ]
    }
]